==============================================================================
REPORT BATCH PRODUKSI: 1
==============================================================================

Label Akhir  : W-1-0002-2-i3
Rute (BFS)   : [SP2] -> [WET1] -> [PHO1] -> [CVD1] -> [PLA1] -> [ION1] -> [WET1] -> [PLA2] -> [WET3] -> [END]
Total Defect : 81% (i3)
Matriks 10x10 (1=OK, 0=Defect):
0 0 0 0 0 0 0 1 0 0 
1 0 0 0 0 0 0 0 0 1 
0 0 0 1 1 0 0 0 0 0 
0 0 1 0 0 0 0 0 0 0 
0 1 0 1 1 1 0 0 1 0 
0 0 1 0 0 1 0 0 0 0 
0 0 0 0 1 0 0 0 0 0 
0 0 0 0 0 1 0 0 0 0 
0 0 0 0 0 0 1 0 0 0 
0 0 1 1 0 0 1 0 0 0 
------------------------------------------------------------------------------
Label Akhir  : W-1-0006-2-i3
Rute (BFS)   : [SP2] -> [WET1] -> [PHO1] -> [CVD1] -> [PLA1] -> [ION1] -> [WET1] -> [PLA2] -> [WET3] -> [END]
Total Defect : 79% (i3)
Matriks 10x10 (1=OK, 0=Defect):
0 1 0 0 0 1 0 0 0 1 
0 0 0 0 0 0 0 1 1 0 
0 0 0 0 0 0 0 0 1 1 
1 0 1 1 0 0 0 0 0 0 
0 0 0 1 0 0 0 0 0 0 
0 0 0 1 0 0 0 0 0 1 
0 0 1 0 0 0 0 0 1 0 
0 0 0 1 0 0 0 1 0 0 
1 0 0 0 0 1 0 0 0 0 
0 0 0 0 0 1 1 0 0 0 
------------------------------------------------------------------------------
Label Akhir  : W-1-0008-4-i3
Rute (BFS)   : [SP4] -> [PHO1] -> [CVD1] -> [PLA1] -> [ION1] -> [WET1] -> [PLA2] -> [WET3] -> [END]
Total Defect : 76% (i3)
Matriks 10x10 (1=OK, 0=Defect):
0 0 1 0 1 0 0 0 0 0 
0 0 0 0 1 0 0 0 0 0 
1 1 0 0 0 0 0 1 0 1 
0 1 0 1 0 0 0 0 1 1 
0 1 0 0 0 0 0 0 0 0 
1 0 1 0 1 1 1 0 0 0 
1 1 0 1 0 1 0 0 0 1 
0 0 0 1 0 0 0 0 0 0 
0 0 0 0 0 0 0 0 0 0 
0 0 0 0 0 0 0 0 0 1 
------------------------------------------------------------------------------
Label Akhir  : W-1-0001-1-i5
Rute (BFS)   : [SP1] -> [ION1] -> [PHO1] -> [CVD1] -> [PLA1] -> [ION1] -> [WET1] -> [PLA2] -> [WET3] -> [END]
Total Defect : 57% (i5)
Matriks 10x10 (1=OK, 0=Defect):
0 1 0 0 0 1 1 1 1 1 
1 0 0 0 0 1 0 1 1 0 
1 1 0 1 1 0 1 0 0 0 
1 0 0 1 0 0 1 0 0 1 
0 1 1 0 1 0 0 1 1 0 
1 1 1 0 0 0 1 0 0 0 
0 1 1 0 1 0 1 0 1 0 
0 0 0 1 1 0 0 0 0 0 
1 0 0 1 1 0 1 0 0 1 
0 0 0 0 0 0 1 1 1 0 
------------------------------------------------------------------------------
Label Akhir  : W-1-0003-3-i5
Rute (BFS)   : [SP3] -> [PHO2] -> [CVD3] -> [ION2] -> [PLA2] -> [ION2] -> [WET3] -> [END]
Total Defect : 69% (i5)
Matriks 10x10 (1=OK, 0=Defect):
0 0 1 0 0 0 1 1 0 0 
0 0 1 1 0 0 1 0 1 0 
0 0 1 0 1 0 0 0 0 0 
0 1 1 0 0 0 0 0 0 0 
0 0 1 0 0 0 0 0 1 1 
0 1 1 0 0 1 1 0 1 0 
0 0 0 1 1 0 0 0 0 0 
1 1 0 0 0 1 1 0 0 0 
1 0 0 0 1 0 0 0 1 0 
1 1 0 1 0 0 0 0 0 0 
------------------------------------------------------------------------------
Label Akhir  : W-1-0005-1-i5
Rute (BFS)   : [SP1] -> [ION1] -> [PHO1] -> [CVD1] -> [PLA1] -> [ION1] -> [WET1] -> [PLA2] -> [WET3] -> [END]
Total Defect : 57% (i5)
Matriks 10x10 (1=OK, 0=Defect):
1 0 0 1 0 0 0 1 0 1 
1 0 1 0 0 0 0 0 0 1 
0 1 0 0 0 1 0 0 0 1 
0 1 1 1 0 0 0 0 1 0 
0 1 1 1 0 0 0 1 1 0 
0 0 1 0 1 0 1 0 0 1 
0 1 1 0 1 0 1 0 1 1 
1 1 1 1 1 0 1 0 1 0 
1 0 0 0 0 0 1 0 1 1 
0 1 0 0 0 1 0 0 0 1 
------------------------------------------------------------------------------
Label Akhir  : W-1-0012-4-i5
Rute (BFS)   : [SP4] -> [PHO1] -> [CVD1] -> [PLA1] -> [ION1] -> [WET1] -> [PLA2] -> [WET3] -> [END]
Total Defect : 63% (i5)
Matriks 10x10 (1=OK, 0=Defect):
0 0 1 1 0 0 0 0 0 0 
0 0 0 0 0 0 0 0 0 1 
1 0 0 0 1 0 1 0 0 0 
1 1 0 0 1 1 0 0 0 0 
0 0 0 0 1 0 0 0 0 0 
0 0 1 1 1 1 0 0 1 0 
0 0 1 0 0 0 0 0 0 1 
0 1 1 1 1 1 1 1 1 1 
1 0 1 1 1 0 0 0 1 0 
0 0 1 1 1 0 1 1 0 0 
------------------------------------------------------------------------------
Label Akhir  : W-1-0007-3-i7
Rute (BFS)   : [SP3] -> [PHO2] -> [CVD3] -> [ION2] -> [PLA2] -> [ION2] -> [WET3] -> [END]
Total Defect : 42% (i7)
Matriks 10x10 (1=OK, 0=Defect):
0 1 1 0 1 0 0 1 1 1 
1 0 0 1 1 1 1 0 0 1 
1 1 0 0 0 1 1 1 1 0 
1 0 1 1 1 1 1 0 0 1 
1 0 0 1 1 1 1 0 1 1 
0 0 1 0 0 1 0 1 1 1 
1 1 0 0 1 1 1 0 1 0 
1 1 1 0 1 0 0 0 0 1 
1 0 1 0 1 0 1 1 0 0 
0 0 1 1 1 0 0 1 0 1 
------------------------------------------------------------------------------
Label Akhir  : W-1-0004-4-i9
Rute (BFS)   : [SP4] -> [PHO1] -> [CVD1] -> [PLA1] -> [ION1] -> [WET1] -> [PLA2] -> [WET3] -> [END]
Total Defect : 4% (i9)
Matriks 10x10 (1=OK, 0=Defect):
1 1 1 1 1 1 1 1 1 0 
1 1 1 1 1 1 1 1 1 1 
0 1 1 1 1 1 1 1 1 1 
1 1 1 1 1 0 1 1 1 1 
1 1 1 1 1 1 1 1 1 1 
1 0 1 1 1 1 1 1 1 1 
1 1 1 1 1 1 1 1 1 1 
1 1 1 1 1 1 1 1 1 1 
1 1 1 1 1 1 1 1 1 1 
1 1 1 1 1 1 1 1 1 1 
------------------------------------------------------------------------------
Label Akhir  : W-1-0009-1-i9
Rute (BFS)   : [SP1] -> [ION1] -> [PHO1] -> [CVD1] -> [PLA1] -> [ION1] -> [WET1] -> [PLA2] -> [WET3] -> [END]
Total Defect : 19% (i9)
Matriks 10x10 (1=OK, 0=Defect):
1 0 0 1 1 1 1 1 0 1 
1 1 1 0 1 1 1 1 0 1 
1 1 1 0 1 0 1 1 1 1 
0 0 0 1 1 1 0 1 1 1 
1 1 0 1 1 1 1 1 1 1 
1 0 1 1 1 1 1 1 1 1 
1 1 1 1 1 1 1 1 1 1 
1 1 1 1 1 0 1 1 1 0 
1 0 1 1 1 1 0 1 1 1 
1 1 1 1 1 1 0 0 1 1 
------------------------------------------------------------------------------
Label Akhir  : W-1-0010-2-i9
Rute (BFS)   : [SP2] -> [WET1] -> [PHO1] -> [CVD1] -> [PLA1] -> [ION1] -> [WET1] -> [PLA2] -> [WET3] -> [END]
Total Defect : 8% (i9)
Matriks 10x10 (1=OK, 0=Defect):
1 1 1 1 1 1 1 1 1 1 
1 1 1 1 1 0 0 1 1 1 
0 1 1 1 0 1 1 1 1 1 
1 1 1 1 1 1 1 1 1 1 
1 1 0 1 1 1 1 1 1 1 
1 1 1 1 1 0 0 1 1 1 
1 1 1 1 1 1 1 1 1 1 
1 1 1 1 1 1 1 1 1 1 
1 1 1 1 1 1 1 1 1 1 
1 0 1 1 1 1 1 1 1 1 
------------------------------------------------------------------------------
Label Akhir  : W-1-0011-3-i9
Rute (BFS)   : [SP3] -> [PHO2] -> [CVD3] -> [ION2] -> [PLA2] -> [ION2] -> [WET3] -> [END]
Total Defect : 13% (i9)
Matriks 10x10 (1=OK, 0=Defect):
1 1 1 0 1 1 1 1 1 1 
1 1 1 1 0 1 1 1 1 1 
0 1 1 1 0 1 1 1 1 1 
1 1 1 0 1 1 1 1 1 1 
1 1 1 1 1 1 1 1 1 0 
1 0 1 1 1 1 1 1 1 1 
1 1 1 0 1 1 1 1 1 1 
1 1 1 1 1 1 1 0 1 1 
0 1 1 1 1 1 1 1 1 1 
0 1 1 1 1 0 1 1 0 1 
------------------------------------------------------------------------------
==============================================================================
REPORT BATCH PRODUKSI: 1
==============================================================================

Label Akhir  : W-1-0001-1-i5
Rute (BFS)   : [SP1] -> [ION1] -> [PHO1] -> [WET1] -> [CVD2] -> [PLA1] -> [WET2] -> [ION2] -> [WET3] -> [END]
Total Defect : 62% (i5)
Matriks 10x10 (1=OK, 0=Defect):
0 0 0 0 1 0 1 1 0 1 
0 1 0 1 0 0 1 0 0 0 
1 0 0 1 0 0 1 1 1 0 
0 0 0 0 1 0 1 1 0 0 
0 1 1 1 0 0 0 1 0 0 
0 0 0 1 1 0 1 0 0 0 
0 0 0 0 1 1 1 0 0 0 
0 0 1 1 1 0 1 1 0 1 
0 1 0 1 1 0 0 0 0 1 
0 0 0 0 0 0 1 1 1 0 
------------------------------------------------------------------------------
==============================================================================
REPORT BATCH PRODUKSI: 1
==============================================================================

Label Akhir  : W-1-0001-1-i9
Rute (BFS)   : [SP1] -> [ION1] -> [PHO1] -> [WET1] -> [CVD2] -> [PLA1] -> [WET2] -> [ION2] -> [WET3] -> [END]
Total Defect : 22% (i9)
Matriks 10x10 (1=OK, 0=Defect):
1 1 1 0 1 1 1 1 1 1 
1 0 1 1 0 1 1 1 1 1 
0 1 1 1 1 1 1 1 1 0 
0 0 0 1 1 1 1 1 0 0 
0 1 1 1 1 1 1 1 1 1 
1 1 1 1 1 1 1 0 1 1 
1 1 0 0 1 0 0 0 1 1 
0 1 0 0 1 1 1 1 1 1 
1 1 1 1 1 1 1 1 1 1 
0 1 1 1 0 1 1 1 1 1 
------------------------------------------------------------------------------
